Ambient Temp.,TMP116,Frequency,Actual dfreq (ppb)
80.13,10964,9999998.322,-0.97330008
79.63,10964,9999998.322,-0.96220002
78.94,10962,9999998.322,-0.95039997
77.94,10960,9999998.322,-0.91949999
77.06,10958,9999998.323,-0.88359993
76.06,10955,9999998.323,-0.85930005
75.13,10953,9999998.323,-0.82239993
74.06,10950,9999998.323,-0.80699995
72.94,10947,9999998.324,-0.77650007
71.88,10944,9999998.324,-0.74700005
70.81,10941,9999998.324,-0.71990006
69.63,10937,9999998.324,-0.70149992
68.5,10935,9999998.325,-0.67870002
67.38,10931,9999998.325,-0.63470006
66.25,10927,9999998.325,-0.62119998
65.06,10924,9999998.325,-0.59779994
63.88,10921,9999998.326,-0.56500006
62.81,10918,9999998.326,-0.5407
61.69,10914,9999998.326,-0.51700007
60.5,10910,9999998.326,-0.50070006
59.5,10908,9999998.327,-0.48520006
58.25,10904,9999998.327,-0.45699999
57.13,10901,9999998.327,-0.44059996
55.94,10898,9999998.327,-0.42070001
54.81,10894,9999998.327,-0.39969999
53.88,10891,9999998.328,-0.35900008
52.56,10888,9999998.328,-0.33180006
51.31,10885,9999998.328,-0.32449998
50.13,10881,9999998.328,-0.31489991
48.94,10878,9999998.329,-0.275
47.81,10875,9999998.329,-0.27709994
46.69,10871,9999998.329,-0.25340002
45.56,10867,9999998.329,-0.25139991
44.38,10864,9999998.329,-0.2218999
43,10861,9999998.33,-0.18840004
42,10858,9999998.33,-0.18869992
40.94,10855,9999998.33,-0.17409995
39.69,10851,9999998.33,-0.15130006
38.5,10848,9999998.33,-0.13870001
37.38,10845,9999998.33,-0.14280006
36.25,10841,9999998.33,-0.12030005
35.25,10838,9999998.33,-0.10850001
33.94,10835,9999998.331,-0.08959994
32.63,10831,9999998.331,-0.06460007
31.56,10827,9999998.331,-0.05450007
30.44,10824,9999998.331,-0.05370006
29.31,10821,9999998.331,-0.0421999
28.19,10818,9999998.331,-0.02079997
27,10815,9999998.331,-0.01020003
25.81,10811,9999998.331,0.00069998
24.94,10809,9999998.331,0
23.94,10806,9999998.331,0.00480004
22.75,10803,9999998.332,0.01849998
21.5,10799,9999998.332,0.03600009
20.31,10796,9999998.332,0.03709998
19.13,10792,9999998.332,0.05799998
18.06,10790,9999998.332,0.06920006
16.88,10786,9999998.332,0.06639995
15.88,10783,9999998.332,0.07240009
14.88,10779,9999998.332,0.06930009
13.69,10776,9999998.332,0.0810001
12.44,10774,9999998.332,0.07780008
11.38,10770,9999998.332,0.09809993
10.25,10767,9999998.332,0.08979999
9.19,10763,9999998.332,0.09519998
8.13,10760,9999998.333,0.11
6.81,10758,9999998.333,0.11539999
5.75,10754,9999998.333,0.11560004
4.63,10751,9999998.333,0.11470001
3.38,10748,9999998.333,0.12229998
2.19,10744,9999998.333,0.1205001
1,10741,9999998.333,0.12870003
-0.25,10738,9999998.333,0.13699997
-1.25,10734,9999998.333,0.10989998
-2.38,10731,9999998.333,0.11090003
-3.63,10728,9999998.333,0.12679994
-4.88,10725,9999998.333,0.12369994
-5.69,10721,9999998.333,0.11689998
-5.69,10717,9999998.332,0.09180009
-4.69,10720,9999998.332,0.13859998
-3.63,10722,9999998.332,0.12829993
-2.56,10725,9999998.332,0.1069
-1.5,10727,9999998.332,0.13299994
-0.31,10731,9999998.332,0.12320001
1.06,10734,9999998.332,0.13519991
2.19,10738,9999998.332,0.12940001
3.38,10740,9999998.332,0.13190005
4.56,10744,9999998.332,0.11449996
5.06,10746,9999998.332,0.12919996
6.25,10750,9999998.332,0.1273999
7.5,10752,9999998.332,0.11560004
8.63,10756,9999998.332,0.11570007
9.81,10759,9999998.332,0.10250006
10.88,10762,9999998.332,0.09659994
12,10765,9999998.332,0.10170005
13.13,10769,9999998.332,0.09560008
14.25,10772,9999998.332,0.08639991
15.38,10775,9999998.332,0.1015
16.5,10778,9999998.332,0.07329993
17.56,10781,9999998.331,0.05629994
18.81,10785,9999998.332,0.06879997
19.94,10789,9999998.331,0.0475999
20.94,10791,9999998.331,0.04960001
22.13,10794,9999998.331,0.03040005
23.31,10797,9999998.331,0.03670007
24.38,10801,9999998.331,0.02120007
25.5,10803,9999998.331,0
26.69,10807,9999998.331,-0.00919998
27.75,10810,9999998.331,-0.01529995
28.88,10813,9999998.331,-0.03149994
29.75,10816,9999998.331,-0.03399998
30.81,10819,9999998.331,-0.03800001
31.88,10822,9999998.33,-0.0562001
33,10825,9999998.33,-0.06169993
34.19,10828,9999998.33,-0.0709001
35.38,10832,9999998.33,-0.10550003
36.75,10835,9999998.33,-0.09780005
38.06,10839,9999998.33,-0.13059992
39.13,10843,9999998.329,-0.1433
40.25,10846,9999998.329,-0.15270002
41.38,10849,9999998.329,-0.17360002
42.38,10852,9999998.329,-0.1836
43.81,10855,9999998.329,-0.21000002
45,10859,9999998.329,-0.22529997
46.06,10863,9999998.328,-0.25169998
47.13,10866,9999998.328,-0.26709996
48.25,10869,9999998.328,-0.2758
49.44,10872,9999998.328,-0.29719993
50.5,10875,9999998.328,-0.31550005
51.81,10879,9999998.327,-0.34069996
52.94,10882,9999998.327,-0.35699997
54.06,10885,9999998.327,-0.39009992
55.06,10889,9999998.327,-0.39889999
56.19,10892,9999998.327,-0.41760001
57.25,10895,9999998.326,-0.44890009
58.25,10898,9999998.326,-0.44570006
59.38,10900,9999998.326,-0.47009997
60.5,10903,9999998.326,-0.50300006
61.63,10907,9999998.326,-0.52879993
62.69,10910,9999998.326,-0.52819997
63.81,10914,9999998.325,-0.56919996
64.94,10917,9999998.325,-0.605
66,10919,9999998.325,-0.61719995
67.19,10923,9999998.324,-0.65650009
68.25,10926,9999998.324,-0.68369992
69.25,10930,9999998.324,-0.70399996
70.19,10933,9999998.324,-0.73010009
71.25,10935,9999998.323,-0.76039992
72.38,10939,9999998.323,-0.77170003
73.5,10941,9999998.323,-0.82319994
74.63,10945,9999998.322,-0.84700007
75.75,10948,9999998.322,-0.87020006
76.81,10951,9999998.322,-0.90430006
77.94,10954,9999998.322,-0.93750004
78.69,10957,9999998.321,-0.9482
79.06,10959,9999998.321,-0.97720008
79.31,10961,9999998.321,-0.9982001
79.44,10962,9999998.321,-0.98819993
79.56,10962,9999998.321,-0.98850001
79.63,10963,9999998.321,-0.99260006
79.81,10963,9999998.321,-0.89330003
77.81,10960,9999998.321,-0.89120008
76.88,10957,9999998.321,-0.88100005
75.81,10954,9999998.321,-0.84910002
74.75,10951,9999998.321,-0.83249994
73.69,10949,9999998.322,-0.79999994
72.63,10945,9999998.322,-0.78410003
71.5,10943,9999998.322,-0.74659996
70.38,10939,9999998.323,-0.72109997
69.25,10937,9999998.323,-0.68990011
67.94,10932,9999998.323,-0.67299996
66.88,10929,9999998.323,-0.6558001
65.81,10926,9999998.324,-0.62840004
64.63,10924,9999998.324,-0.58070011
63.44,10920,9999998.324,-0.57050008
62.19,10916,9999998.324,-0.55250004
61.19,10913,9999998.325,-0.52550007
60.13,10909,9999998.325,-0.49879998
58.94,10906,9999998.325,-0.47980007
57.75,10903,9999998.325,-0.4652001
56.44,10900,9999998.325,-0.43180007
55.38,10896,9999998.326,-0.41669998
54.25,10893,9999998.326,-0.39349999
53.13,10890,9999998.326,-0.35389997
51.94,10886,9999998.326,-0.34820009
50.75,10882,9999998.327,-0.32310002
49.75,10880,9999998.327,-0.30960012
48.5,10876,9999998.327,-0.30150004
47.25,10874,9999998.327,-0.27789995
46.13,10870,9999998.327,-0.25510006
44.94,10866,9999998.328,-0.22710003
43.75,10863,9999998.328,-0.21580011
42.69,10859,9999998.328,-0.20080004
41.69,10856,9999998.328,-0.19589998
40.5,10853,9999998.328,-0.1755001
39.31,10850,9999998.328,-0.15939996
38.19,10847,9999998.328,-0.15310012
36.94,10844,9999998.329,-0.12619998
35.88,10840,9999998.329,-0.11010002
34.81,10837,9999998.329,-0.09690002
33.5,10833,9999998.329,-0.09679999
32.31,10830,9999998.329,-0.06830003
31.06,10827,9999998.329,-0.05319994
30,10823,9999998.329,-0.04939996
29.06,10820,9999998.329,-0.02859998
27.75,10817,9999998.329,-0.03200006
26.5,10813,9999998.33,-0.01200009
25.5,10810,9999998.33,-0.02020001
24.5,10808,9999998.33,0
23.19,10804,9999998.33,0.00090003
22,10800,9999998.33,0.0155
21.25,10798,9999998.33,0.02319999
19.88,10794,9999998.33,0.03709998
18.69,10791,9999998.33,0.03619995
17.5,10787,9999998.33,0.04500002
16.69,10785,9999998.33,0.05399995
15.38,10782,9999998.33,0.05219989
14.13,10778,9999998.331,0.07159989
13.06,10775,9999998.33,0.07039998
12.25,10772,9999998.331,0.07349998
11.06,10770,9999998.331,0.07739998
10,10766,9999998.331,0.09230003
8.88,10763,9999998.331,0.08939989
7.69,10760,9999998.331,0.0922
6.63,10757,9999998.331,0.09369999
5.38,10754,9999998.331,0.10989998
4.19,10750,9999998.331,0.10189991
3,10746,9999998.331,0.10700002
1.69,10743,9999998.331,0.12269989
0.38,10740,9999998.331,0.10829996
-0.5,10736,9999998.331,0.1095999
-1.63,10734,9999998.331,0.11950005
-2.94,10730,9999998.331,0.12560003
-4.19,10726,9999998.331,0.12170002
-5.06,10724,9999998.331,0.10770001
-5.81,10720,9999998.331,0.09889994
-5.75,10718,9999998.33,0.06670002
-5.06,10719,9999998.33,0.1379
-4.31,10720,9999998.331,0.14340002
-3.25,10724,9999998.331,0.14430005
-2.13,10726,9999998.33,0.12539998
-1,10728,9999998.33,0.1278
0.19,10732,9999998.33,0.12030005
1.31,10735,9999998.33,0.13059992
2.56,10739,9999998.33,0.12309998
3.94,10743,9999998.33,0.11969991
5.06,10746,9999998.33,0.11819992
5.5,10748,9999998.33,0.13190005
6.69,10751,9999998.33,0.11829995
7.88,10753,9999998.33,0.11550002
9.06,10757,9999998.33,0.10809992
10.19,10760,9999998.33,0.09729993
11.31,10763,9999998.33,0.10189991
12.44,10766,9999998.33,0.09780005
13.56,10770,9999998.33,0.07780008
14.69,10773,9999998.33,0.09199996
15.88,10776,9999998.33,0.07569995
17,10779,9999998.33,0.05830005
18.06,10783,9999998.33,0.06659999
19.19,10786,9999998.33,0.05450007
20.44,10789,9999998.33,0.05159993
21.5,10793,9999998.33,0.04069991
22.5,10795,9999998.33,0.04130006
23.75,10799,9999998.329,0.00129994
24.81,10802,9999998.329,0.01660008
25.81,10805,9999998.329,0
27.13,10808,9999998.329,-0.01350008
28.19,10811,9999998.329,-0.02139993
29.13,10814,9999998.329,-0.03559999
30.31,10817,9999998.329,-0.04660003
31.44,10821,9999998.329,-0.05649999
32.5,10824,9999998.329,-0.05559996
33.5,10827,9999998.328,-0.06820001
34.81,10830,9999998.328,-0.09429995
36,10833,9999998.328,-0.10170005
37,10836,9999998.328,-0.11160001
38.31,10840,9999998.328,-0.14810003
39.56,10843,9999998.327,-0.16109999
40.63,10847,9999998.327,-0.17530005
41.81,10850,9999998.327,-0.18320009
43.06,10854,9999998.327,-0.20289999
44.19,10857,9999998.327,-0.21609999
45.38,10860,9999998.327,-0.24640001
46.56,10863,9999998.326,-0.275
47.69,10867,9999998.326,-0.28009992
48.75,10870,9999998.326,-0.29840004
50.06,10874,9999998.326,-0.31989999
51.19,10877,9999998.326,-0.34790002
52.19,10880,9999998.326,-0.36050007
53.44,10883,9999998.325,-0.39029997
54.56,10887,9999998.325,-0.40080007
55.69,10890,9999998.325,-0.41339993
56.75,10893,9999998.325,-0.44260006
57.75,10896,9999998.325,-0.45839995
58.94,10899,9999998.324,-0.49070008
60.06,10902,9999998.324,-0.51109996
60.94,10906,9999998.324,-0.52530002
62.06,10908,9999998.324,-0.53940006
63.13,10912,9999998.323,-0.58299992
64.31,10915,9999998.323,-0.61319992
65.5,10918,9999998.323,-0.62300004
66.63,10922,9999998.323,-0.65809991
67.56,10924,9999998.322,-0.67599993
68.69,10927,9999998.322,-0.69800001
69.94,10931,9999998.322,-0.72440002
70.81,10934,9999998.322,-0.75390004
71.81,10938,9999998.321,-0.78280009
73,10940,9999998.321,-0.81420001
74.06,10943,9999998.321,-0.83990004
75.19,10947,9999998.32,-0.8622
76.25,10949,9999998.32,-0.88490006
77.44,10952,9999998.32,-0.92360005
78.38,10957,9999998.32,-0.95189996
78.81,10958,9999998.319,-0.97059999
79.31,10960,9999998.319,-0.96330009
79.5,10960,9999998.319,-0.98850001
79.63,10962,9999998.319,-0.98480005
79.69,10962,9999998.319,-0.99260006
79.94,10963,9999998.319,-1.00720003
